1 0.0624363425925926 0.6604687499999999 0.06896990740740741 0.24781250000000005
1 0.12414351851851853 0.4611805555555556 0.15373842592592593 0.16895833333333332
1 0.10892939814814814 0.09541666666666668 0.0866087962962963 0.19083333333333335
1 0.16714699074074074 0.1025 0.13741898148148146 0.205
1 0.08974537037037038 0.7038888888888889 0.11986111111111111 0.26722222222222225
1 0.1454224537037037 0.8564583333333333 0.14554398148148148 0.1311805555555555
1 0.2206076388888889 0.6150694444444444 0.2465162037037037 0.36482638888888896
1 0.38613425925925926 0.3641840277777778 0.21642361111111114 0.35569444444444437
1 0.29292245370370373 0.7864756944444444 0.19672453703703702 0.30649305555555556
1 0.41999421296296297 0.03170138888888889 0.17748842592592595 0.06340277777777778
1 0.7169039351851852 0.27979166666666666 0.23809027777777772 0.20232638888888888
1 0.8851331018518518 0.10135416666666666 0.22973379629629634 0.17284722222222224
1 0.8695254629629631 0.40406250000000005 0.2609490740740739 0.4444097222222222
1 0.6490798611111112 0.5725347222222222 0.30329861111111106 0.31746527777777783
1 0.3826273148148148 0.8553124999999999 0.22160879629629626 0.2452430555555555
1 0.6101446759259259 0.8334548611111112 0.35528935185185195 0.29795138888888884
1 0.5672280092592593 0.9269791666666667 0.24112268518518523 0.11048611111111128
1 0.8115277777777777 0.7908333333333333 0.3368981481481484 0.3641666666666666
1 0.5172106481481482 0.17253472222222221 0.2500462962962963 0.34506944444444443
1 0.28820023148148144 0.30276041666666664 0.21396990740740743 0.33843750000000006
1 0.25192708333333336 0.10871527777777779 0.1632291666666667 0.21743055555555557