1 0.030040509259259263 0.7853993055555556 0.033125 0.25381944444444426
1 0.07297453703703703 0.7797569444444444 0.08932870370370372 0.2488194444444444
1 0.11424189814814815 0.5491145833333333 0.1276736111111111 0.15281249999999993
1 0.008385416666666666 0.18265625000000002 0.01556712962962963 0.2034375
1 0.05116898148148148 0.1567013888888889 0.08619212962962963 0.24718749999999998
1 0.13958333333333334 0.805625 0.0770138888888889 0.27354166666666657
1 0.2468460648148148 0.9399826388888888 0.13049768518518512 0.11225694444444442
1 0.25504050925925925 0.6749131944444444 0.1760416666666666 0.3554166666666667
1 0.3512615740740741 0.37350694444444443 0.1416550925925925 0.35309027777777785
1 0.3741319444444445 0.8238541666666667 0.13657407407407404 0.299861111111111
1 0.28224537037037034 0.023151041666666667 0.16126157407407407 0.046302083333333334
1 0.6600983796296296 0.18848958333333335 0.21528935185185177 0.17038194444444446
1 0.8591261574074075 0.26376736111111115 0.19381944444444416 0.43548611111111113
1 0.6725868055555556 0.5031076388888889 0.2567476851851852 0.2837847222222223
1 0.483894675925926 0.8737673611111111 0.18140046296296292 0.23524305555555572
1 0.7186631944444445 0.8161979166666666 0.3071180555555554 0.3348958333333332
1 0.6983101851851852 0.9166666666666667 0.2368981481481482 0.13493055555555528
1 0.8871122685185184 0.7076736111111112 0.22577546296296305 0.40354166666666663
1 0.4246064814814815 0.1540277777777778 0.16796296296296304 0.3080555555555556
1 0.23537615740740742 0.34092013888888884 0.14461805555555554 0.33128472222222227
1 0.13386574074074073 0.13923611111111112 0.10186342592592594 0.2537847222222222