1 0.3482638888888889 0.9732523148148149 0.26261574074074073 0.05349537037037031
1 0.5608738425925927 0.9123495370370371 0.17598379629629618 0.14967592592592566
1 0.9250578703703702 0.9316550925925927 0.14988425925925952 0.054629629629629764
1 0.9154340277777777 0.8769155092592593 0.16913194444444457 0.12035879629629634
1 0.30289351851851853 0.9457060185185184 0.2877314814814815 0.10858796296296305
1 0.15336805555555558 0.8749710648148149 0.10667824074074073 0.1397916666666667
1 0.3936400462962963 0.8049074074074074 0.3866782407407408 0.2262037037037036
1 0.6545949074074073 0.6358217592592592 0.3783912037037037 0.19178240740740743
1 0.21773148148148147 0.7223900462962962 0.3054976851851852 0.17406250000000015
1 0.9888541666666667 0.6134606481481482 0.022291666666666644 0.1722685185185185
1 0.7330266203703704 0.28577546296296297 0.20929398148148143 0.23738425925925927
1 0.9074016203703703 0.11839120370370368 0.11792824074074063 0.22421296296296295
1 0.5958680555555556 0.11920717592592593 0.4698611111111111 0.23306712962962967
1 0.4237268518518518 0.3506423611111111 0.32972222222222225 0.2929398148148149
1 0.14553819444444444 0.6242418981481481 0.2261921296296296 0.20627314814814818
1 0.15595486111111112 0.3783333333333333 0.2874652777777778 0.3441666666666666
1 0.05942129629629629 0.42291087962962964 0.08310185185185186 0.24269675925925932
1 0.18863425925925928 0.17866319444444445 0.3741203703703704 0.3042013888888889
1 0.836574074074074 0.5045486111111112 0.3268518518518519 0.21821759259259252
1 0.7240798611111112 0.7409780092592593 0.35807870370370376 0.19163194444444437
1 0.9086111111111113 0.7886053240740741 0.18277777777777757 0.14072916666666657