1 0.23125 0.01328125 0.23203125 0.02578125
1 0.2328125 0.05703125 0.2234375 0.06796875
1 0.44140625 0.10625 0.13125 0.109375
1 0.78359375 0.015625 0.1859375 0.03125
1 0.8046875 0.0703125 0.221875 0.06640625
1 0.20546875 0.115625 0.24609375 0.05625
1 0.06171875 0.20625 0.1234375 0.11328125
1 0.3171875 0.228125 0.3140625 0.1421875
1 0.5859375 0.33203125 0.3140625 0.1125
1 0.17265625 0.32890625 0.2671875 0.1078125
1 0.94765625 0.2890625 0.1046875 0.146875
1 0.734375 0.625 0.14140625 0.18828125
1 0.95546875 0.79921875 0.08828125 0.3125
1 0.6515625 0.80234375 0.38828125 0.15390625
1 0.4453125 0.61953125 0.2421875 0.2203125
1 0.1109375 0.42734375 0.221875 0.15546875
1 0.1546875 0.64296875 0.28984375 0.26484375
1 0.059375 0.6203125 0.11875 0.21015625
1 0.24296875 0.82265625 0.35546875 0.221875
1 0.821875 0.41171875 0.35625 0.1359375
1 0.62421875 0.22890625 0.2953125 0.11484375
1 0.83359375 0.14765625 0.2625 0.07890625