1 0.30552083333333335 0.03490162037037037 0.2577083333333333 0.0590625
1 0.5238888888888888 0.09855324074074075 0.17173611111111117 0.14378472222222222
1 0.89578125 0.1181886574074074 0.20121527777777787 0.10725694444444445
1 0.2656770833333334 0.06896990740740741 0.2865972222222222 0.10355324074074072
1 0.09211805555555555 0.14450810185185187 0.15454861111111112 0.14327546296296298
1 0.3611979166666667 0.21044560185185185 0.38156249999999997 0.207662037037037
1 0.6290451388888888 0.3695601851851852 0.3740972222222222 0.1762731481481481
1 0.18048611111111112 0.2959548611111111 0.3214236111111111 0.16224537037037035
1 0.7222048611111112 0.7138425925925926 0.20138888888888892 0.2319328703703704
1 0.5910416666666667 0.8882378472222221 0.4665972222222223 0.22352430555555572
1 0.4098263888888889 0.6591550925925926 0.3213194444444444 0.2837962962962962
1 0.11598958333333334 0.3944675925925926 0.23197916666666668 0.2075925925925926
1 0.1393923611111111 0.6367766203703703 0.2787847222222222 0.33917824074074066
1 0.04003472222222222 0.5947743055555555 0.08006944444444444 0.24892361111111114
1 0.183125 0.8478645833333334 0.36625 0.30307870370370366
1 0.8104513888888889 0.4877314814814815 0.3132638888888888 0.1931712962962962
1 0.6941666666666666 0.2626099537037037 0.3554861111111112 0.17728009259259264
1 0.8874305555555555 0.20332175925925924 0.20402777777777778 0.12136574074074069