3 0.0609375 0.5 0.0703125 1
3 0.11015625 0.7875 0.04765625 0.21875
3 0.17265625 0.5 0.10234375 1
3 0.26796875 0.30625 0.10078125 0.60625
3 0.2671875 0.8015625 0.0921875 0.396875
3 0.36875 0.5 0.1046875 1
3 0.4625 0.2515625 0.078125 0.49375
3 0.4546875 0.775 0.10390625 0.45
3 0.559375 0.31328125 0.08203125 0.6234375
3 0.6 0.8109375 0.096875 0.37578125
3 0.68359375 0.38046875 0.10703125 0.53359375
3 0.7046875 0.8578125 0.078125 0.284375
3 0.80234375 0.5109375 0.0859375 0.978125
3 0.91015625 0.23671875 0.090625 0.47265625
3 0.921875 0.7515625 0.115625 0.49609375