3 0.9130034722222222 0.5196006944444445 0.17399305555555564 0.9242708333333333
3 0.9572685185185186 0.2264930555555556 0.08546296296296277 0.23791666666666664
3 0.8467708333333335 0.5096701388888889 0.30645833333333317 0.9499652777777777
3 0.7362152777777778 0.6828819444444445 0.24689814814814817 0.6079166666666665
3 0.7994502314814815 0.21296875 0.17906249999999985 0.3832291666666666
3 0.652193287037037 0.49546874999999996 0.33369212962962963 0.9875347222222223
3 0.5258622685185186 0.7290104166666667 0.19885416666666664 0.5241319444444444
3 0.5991261574074074 0.21635416666666668 0.2040162037037037 0.43270833333333336
3 0.43254629629629626 0.6489583333333334 0.23410879629629627 0.6622569444444444
3 0.4525 0.16472222222222221 0.18000000000000008 0.32944444444444443
3 0.31061921296296297 0.56015625 0.23918981481481474 0.5796527777777779
3 0.34946180555555556 0.10703125 0.13642361111111115 0.2140625
3 0.20140625 0.4635416666666667 0.3090625 0.9270833333333334
3 0.09030671296296297 0.6706423611111111 0.13702546296296297 0.5055902777777778
3 0.11596064814814815 0.20220486111111108 0.2069212962962963 0.40440972222222216