3 0.55859375 0.9019965277777778 0.8828125 0.19056712962962977
3 0.3081365740740741 0.9458912037037038 0.2467245370370371 0.09646990740740762
3 0.5441319444444445 0.8211516203703704 0.9117361111111111 0.3007523148148149
3 0.7235300925925926 0.6823784722222223 0.5529398148148148 0.2263310185185185
3 0.27915509259259264 0.7794560185185185 0.4113888888888889 0.1743055555555557
3 0.5214756944444445 0.6124131944444444 0.9570486111111111 0.305150462962963
3 0.7630381944444444 0.4651041666666666 0.47392361111111114 0.17928240740740725
3 0.2645949074074074 0.5741319444444445 0.4718981481481482 0.19837962962962977
3 0.6841116898148148 0.374363425925926 0.6317766203703703 0.20954861111111106
3 0.2029513888888889 0.42690972222222223 0.36928240740740736 0.17430555555555555
3 0.6103125 0.25214120370370374 0.598113425925926 0.22644675925925925
3 0.13826967592592593 0.32676504629629627 0.24866898148148148 0.13396990740740744
3 0.48292824074074076 0.15040509259259258 0.9613194444444444 0.2835648148148148
3 0.6931365740740741 0.040075231481481476 0.4831481481481482 0.08015046296296295
3 0.22204861111111113 0.090625 0.4434490740740741 0.18125