3 0.5175520833333334 0.039218750000000004 0.9648958333333333 0.07843750000000001
3 0.8042708333333334 0.05097222222222222 0.247013888888889 0.07900462962962962
3 0.5044270833333333 0.1073726851851852 0.9878124999999999 0.2147453703703704
3 0.2980642361111111 0.19303819444444445 0.5961284722222222 0.17673611111111107
3 0.7736458333333334 0.22018518518518518 0.42159722222222235 0.1496296296296297
3 0.4897916666666666 0.31471064814814814 0.9795833333333333 0.2293055555555556
3 0.21870659722222224 0.39847800925925925 0.4374131944444445 0.13718750000000002
3 0.7184375000000001 0.42051504629629627 0.4981250000000001 0.1690393518518519
3 0.2777951388888889 0.5075868055555556 0.5555902777777778 0.1567013888888889
3 0.7361631944444444 0.5805034722222222 0.4248611111111112 0.15128472222222236
3 0.28044270833333335 0.6452199074074073 0.5608854166666667 0.18293981481481475
3 0.7656597222222222 0.6957291666666666 0.32079861111111113 0.12015046296296283
3 0.4569618055555556 0.7808449074074074 0.9139236111111112 0.2101851851851851
3 0.1636111111111111 0.880792824074074 0.3272222222222222 0.14778935185185205
3 0.611111111111111 0.9091319444444445 0.55625 0.15673611111111113