3 0.1440162037037037 0.5453125 0.2853472222222222 0.909375
3 0.25977430555555553 0.7143287037037037 0.26008101851851856 0.5713425925925926
3 0.1413888888888889 0.2665740740740741 0.19011574074074072 0.39296296296296296
3 0.32568865740740743 0.5232928240740741 0.3532523148148147 0.9534143518518519
3 0.4845486111111111 0.7555324074074073 0.20740740740740743 0.48893518518518525
3 0.3512905092592593 0.25561342592592595 0.21760416666666665 0.45625
3 0.574693287037037 0.6753703703703704 0.24563657407407397 0.6492592592592592
3 0.4979166666666666 0.19045717592592593 0.18958333333333321 0.35702546296296295
3 0.6960879629629628 0.6000578703703703 0.25895833333333335 0.6120949074074075
3 0.5985185185185186 0.1286226851851852 0.14391203703703717 0.2260416666666667
3 0.7951793981481481 0.4889814814814814 0.33098379629629626 0.9406481481481481
3 0.9335127314814816 0.6846006944444444 0.13297453703703682 0.49630787037037044
3 0.863130787037037 0.22626736111111115 0.2387615740740742 0.40846064814814814